A
2
134913
131840
531
2
526
22
149.9454545454545
101.0909090909091
-48.85454545454545
188.7090909090909
82.54545454545455
-106.1636363636364
136.2363636363636
115.2181818181818
-21.01818181818182
129.4181818181818
169.2
39.78181818181818
122.8545454545455
78.90909090909091
-43.94545454545455
119.8545454545455
131.7636363636364
11.90909090909091
64.89090909090909
120.2363636363636
73540225709.41818
0
1026
1
262153
5
names
16
22
262153
7
hold.T.
262153
23
keydown.E....keydown.T.
262153
21
keydown.E....keyup.T.
262153
7
hold.E.
262153
23
keydown.S....keydown.E.
262153
21
keydown.S....keyup.E.
262153
7
hold.S.
262153
23
keydown.T....keydown.S.
262153
21
keydown.T....keyup.S.
262153
9
hold.T..1
262153
23
keydown.I....keydown.T.
262153
21
keydown.I....keyup.T.
262153
7
hold.I.
262153
23
keydown.N....keydown.I.
262153
21
keydown.N....keyup.I.
262153
7
hold.N.
262153
23
keydown.G....keydown.N.
262153
21
keydown.G....keyup.N.
262153
7
hold.G.
262153
27
keydown.ENTER....keydown.G.
262153
25
keydown.ENTER....keyup.G.
262153
11
hold.ENTER.
254
526
484
8.199966769586425e-46
-4.053807945642714e-46
-1.225368515444968e-45
2.111458444229113e-45
-8.085405378528771e-46
-2.919998982081989e-45
1.059254196395967e-45
1.033698150071163e-45
-2.555604632480372e-47
-1.806548566009774e-47
1.662465084509713e-45
1.680530570169811e-45
-1.802142164043428e-46
-2.974195509781518e-46
-1.17205334573809e-46
6.43748078819312e-46
3.705627276026786e-46
-2.731853512166334e-46
4.717734857648854e-45
3.216096641574735e-45
-9.267374595648772e-35
0
-4.053697118424041e-46
2.004021485653553e-46
6.057674329230658e-46
-1.043810694793262e-45
3.997063086377044e-46
1.443517003430966e-45
-5.236479371520029e-46
-5.110141699360909e-46
1.263376721591192e-47
8.930768772732794e-48
-8.218484430391782e-46
-8.30779211811911e-46
8.908985490610421e-47
1.470309344709594e-46
5.794107956485515e-47
-3.182402813850029e-46
-1.831896522617364e-46
1.350506291232666e-46
-2.332237280384048e-45
-1.589894453826217e-45
4.581375845701425e-35
0
-1.225362086970472e-45
6.057808164386955e-46
1.831129519893513e-45
-3.155258061981762e-45
1.208242604760701e-45
4.363500666742462e-45
-1.582896576535098e-45
-1.544706897065391e-45
3.818967946970714e-47
2.699615965847261e-47
-2.484304805997535e-45
-2.511300965656008e-45
2.69303125878535e-46
4.444489251397174e-46
1.751457992611824e-46
-9.619849830013997e-46
-5.537504358344984e-46
4.082345471669012e-46
-7.049947388059366e-45
-4.805974223255914e-45
1.384870182325636e-34
0
2.11144736718857e-45
-1.043833756212541e-45
-3.155258061981803e-45
5.436892000015374e-45
-2.081948424774887e-45
-7.51884042479026e-45
2.727522619309971e-45
2.661717173697199e-45
-6.580544561277227e-47
-4.651765452937329e-47
4.280758232765373e-45
4.327275887294747e-45
-4.640419204724317e-46
-7.65839357047661e-46
-3.017974365752291e-46
1.65761670059096e-45
9.541791053067321e-46
-7.03437595284228e-46
1.214791367353166e-44
8.281275982316535e-45
-2.386299144931749e-34
0
-8.085362961230218e-46
3.997151395443213e-46
1.208242604760715e-45
-2.081948424774883e-45
7.972402695161812e-46
2.879188694291064e-45
-1.04444992116713e-45
-1.019251049489206e-45
2.519887167792428e-47
1.781300006904259e-47
-1.639230254991782e-45
-1.657043255060825e-45
1.776955189388274e-46
2.932627764229046e-46
1.155672574840772e-46
-6.347509714495212e-46
-3.653836944417585e-46
2.693672770077627e-46
-4.651799178066989e-45
-3.171148054156903e-45
9.137852555868789e-35
0
-2.919983663311584e-45
1.443548895756858e-45
4.363500666742506e-45
-7.518840424790236e-45
2.87918869429106e-45
1.039802911908129e-44
-3.771972540477091e-45
-3.680968223186394e-45
9.10043172906963e-47
6.433065459841569e-47
-5.919988487757139e-45
-5.984319142355554e-45
6.417374394112573e-46
1.059102133470563e-45
4.173646940593051e-46
-2.292367672040475e-45
-1.319562799748487e-45
9.72804872291988e-46
-1.67997128515986e-44
-1.14524240364734e-44
3.300084400518618e-34
0
1.05924863938313e-45
-5.236595063615284e-46
-1.582896576535118e-45
2.727522619309969e-45
-1.044449921167131e-45
-3.771972540477099e-45
1.368314772268142e-45
1.335302190561148e-45
-3.301258170699378e-47
-2.333648616263735e-47
2.147525628177258e-45
2.170862114339895e-45
-2.327956550163249e-46
-3.841982090318131e-46
-1.514025540154882e-46
8.315756584819083e-46
4.786825069524466e-46
-3.528931515294617e-46
6.094237171142772e-45
4.154463167275139e-45
-1.197133379552689e-34
0
1.033692727129329e-45
-5.110254600216275e-46
-1.544706897065404e-45
2.661717173697187e-45
-1.019251049489203e-45
-3.680968223186389e-45
1.335302190561143e-45
1.303086085347021e-45
-3.221610521412175e-47
-2.277345953176842e-47
2.09571345256904e-45
2.118486912100808e-45
-2.271791216440207e-46
-3.749288690930787e-46
-1.477497474490579e-46
8.115126876453955e-46
4.671335960638474e-46
-3.443790915815481e-46
5.947204845955863e-45
4.054230707947782e-45
-1.168250797629562e-34
0
-2.555591225380348e-47
1.263404633990263e-47
3.818967946971873e-47
-6.580544561279139e-47
2.519887167793164e-47
9.1004317290723e-47
-3.301258170700339e-47
-3.221610521413126e-47
7.964764928721303e-49
5.630266308690032e-49
-5.181217560822509e-47
-5.23752022390941e-47
5.616533372304899e-48
9.269339938735674e-48
3.652806566430774e-48
-2.006297083651555e-47
-1.15489108886008e-47
8.514059947914752e-48
-1.470323251869288e-46
-1.002324593273704e-46
2.888258192313048e-36
0
-1.806539088574013e-47
8.930966084567244e-48
2.699615965847254e-47
-4.651765452937256e-47
1.781300006904234e-47
6.433065459841488e-47
-2.3336486162637e-47
-2.277345953176817e-47
5.630266308688309e-49
3.980016860566607e-49
-3.662585767658874e-47
-3.70238593626454e-47
3.970309092698938e-48
6.552466121460415e-48
2.582157028761476e-48
-1.418244854229045e-47
-8.16388737898028e-48
6.018561163310174e-48
-1.039366703470271e-46
-7.085399805747505e-47
2.041700280736831e-36
0
1.662456362958419e-45
-8.218666005380689e-46
-2.484304805997578e-45
4.280758232765392e-45
-1.639230254991792e-45
-5.919988487757182e-45
2.147525628177269e-45
2.095713452569059e-45
-5.181217560821028e-47
-3.662585767658948e-47
3.370471778239624e-45
3.407097635916213e-45
-3.653652254642925e-46
-6.029866204162707e-46
-2.376213949519781e-46
1.305131008267976e-45
7.512766596362332e-46
-5.538543486317429e-46
9.564707459472595e-45
6.520295113274933e-45
-1.878861987782489e-34
0
1.680521753844146e-45
-8.307975666226295e-46
-2.511300965656031e-45
4.32727588729473e-45
-1.657043255060821e-45
-5.98431914235555e-45
2.170862114339889e-45
2.11848691210081e-45
-5.237520223907869e-47
-3.702385936264585e-47
3.407097635916185e-45
3.444121495278831e-45
-3.693355345569885e-46
-6.095390865377263e-46
-2.402035519807377e-46
1.319313456810256e-45
7.594405470152075e-46
-5.598729097950486e-46
9.668644129819546e-45
6.591149111332355e-45
-1.899278990589842e-34
0
-1.802132709724398e-46
8.909182321176477e-47
2.693031258785431e-46
-4.640419204724397e-46
1.776955189388308e-46
6.417374394112702e-46
-2.32795655016329e-46
-2.271791216440256e-46
5.616533372303363e-48
3.970309092699069e-48
-3.653652254642972e-46
-3.693355345569962e-46
3.960625003313243e-47
6.536483822315582e-47
2.575858819002339e-47
-1.414785574455485e-46
-8.143974618218611e-47
6.003881126336239e-47
-1.036831555746022e-45
-7.068117613492391e-46
2.036720313798284e-35
0
-2.97417990668771e-46
1.470341828971783e-46
4.444489251397281e-46
-7.658393570476691e-46
2.932627764229083e-46
1.059102133470577e-45
-3.841982090318175e-46
-3.749288690930845e-46
9.269339938733081e-48
6.552466121460588e-48
-6.029866204162746e-46
-6.095390865377352e-46
6.536483822315542e-47
1.078759557485274e-46
4.251111752537197e-47
-2.334915073186059e-46
-1.344054493843839e-46
9.908605793422205e-47
-1.71115232695109e-45
-1.166498630801139e-45
3.361335488865266e-35
0
-1.172047196963313e-46
5.79423596854135e-47
1.75145799261185e-46
-3.017974365752295e-46
1.155672574840775e-46
4.17364694059307e-46
-1.514025540154885e-46
-1.477497474490588e-46
3.652806566429718e-48
2.58215702876152e-48
-2.376213949519774e-46
-2.402035519807389e-46
2.575858819002298e-47
4.251111752537157e-47
1.675252933534858e-47
-9.201294987305743e-47
-5.296570320219778e-47
3.904724667085965e-47
-6.743207712050686e-46
-4.596868694518999e-46
1.324615175066982e-35
0
6.43744701616418e-46
-3.182473124229078e-46
-9.619849830014123e-46
1.65761670059096e-45
-6.347509714495224e-46
-2.292367672040482e-45
8.315756584819091e-46
8.115126876453993e-46
-2.006297083650972e-47
-1.418244854229068e-47
1.30513100826797e-45
1.319313456810261e-45
-1.414785574455461e-46
-2.334915073186034e-46
-9.201294987305731e-47
5.053793833076491e-46
2.909131210086401e-46
-2.144662622990091e-46
3.703694055818364e-45
2.524821418275713e-45
-7.275423744362789e-35
0
3.705607835727753e-46
-1.831936995601594e-46
-5.537504358345072e-46
9.541791053067346e-46
-3.653836944417601e-46
-1.319562799748494e-45
4.786825069524484e-46
4.671335960638508e-46
-1.154891088859747e-47
-8.16388737898043e-48
7.51276659636232e-46
7.594405470152125e-46
-8.143974618218493e-47
-1.344054493843828e-46
-5.296570320219785e-47
2.909131210086408e-46
1.674592331430133e-46
-1.234538878656276e-46
2.131969036780777e-45
1.453370879462494e-45
-4.187975010536835e-35
0
-2.731839180436391e-46
1.350536128627466e-46
4.082345471668997e-46
-7.034375952842162e-46
2.693672770077587e-46
9.728048722919746e-46
-3.528931515294561e-46
-3.443790915815439e-46
8.514059947912136e-48
6.018561163310167e-48
-5.538543486317312e-46
-5.598729097950414e-46
6.003881126336036e-47
9.908605793421932e-47
3.904724667085895e-47
-2.144662622990055e-46
-1.234538878656252e-46
9.101237443338028e-47
-1.571725019037567e-45
-1.071450538813205e-45
3.087448733825914e-35
0
4.717710107675469e-45
-2.332288807640904e-45
-7.049947388059452e-45
1.214791367353165e-44
-4.651799178066992e-45
-1.679971285159864e-44
6.094237171142771e-45
5.947204845955884e-45
-1.47032325186886e-46
-1.039366703470286e-46
9.564707459472543e-45
9.668644129819572e-45
-1.036831555746003e-45
-1.71115232695107e-45
-6.74320771205067e-46
3.70369405581836e-45
2.131969036780769e-45
-1.571725019037592e-45
2.714267758475983e-44
1.850325990282459e-44
-5.331824875640586e-34
0
3.216079769429804e-45
-1.589929580140589e-45
-4.805974223255978e-45
8.281275982316535e-45
-3.171148054156909e-45
-1.145242403647344e-44
4.154463167275143e-45
4.054230707947801e-45
-1.002324593273413e-46
-7.085399805747617e-47
6.520295113274904e-45
6.591149111332381e-45
-7.068117613492271e-46
-1.166498630801127e-45
-4.596868694518993e-46
2.524821418275714e-45
1.45337087946249e-45
-1.071450538813224e-45
1.850325990282461e-44
1.261373812374768e-44
-3.63472399221649e-34
0
-9.267325977555239e-35
4.581477064274657e-35
1.384870182325654e-34
-2.386299144931747e-34
9.137852555868798e-35
3.300084400518626e-34
-1.197133379552689e-34
-1.168250797629567e-34
2.888258192312208e-36
2.041700280736862e-36
-1.87886198778248e-34
-1.899278990589848e-34
2.036720313798248e-35
3.361335488865228e-35
1.32461517506698e-35
-7.275423744362784e-35
-4.187975010536821e-35
3.087448733825964e-35
-5.331824875640588e-34
-3.634723992216487e-34
1.047367431445372e-23
0
0
0
0
0
0
0
0
0
0
0
0
0
0
0
0
0
0
0
0
0
0
0
1026
1
262153
3
dim
13
2
22
22
254
1026
511
16
2
262153
4
mean
262153
6
covInv
254

